Statistics of foreground peptides
---------------------------------------
  k-mer      total     unique
---------------------------------------
      8        353        353
      9       5179       5179
     10       2088       2088
     11       1476       1476

Statistics of background peptides
---------------------------------------
k-mer  	 Total peptides
---------------------------------------
      7	       4452
      8	      36013
      9	     521754
     10	     207067
     11	     164209
     12	      44264
     13	      18683
     14	       3558


Statistics of motifs
---------------------------------------------------------------------------------------------------------------------------------------------------------
motif                    	 7mer   	 8mer   	 9mer   	 10mer  	 11mer  	 12mer  	 13mer  	 14mer  	 total  
---------------------------------------------------------------------------------------------------------------------------------------------------------
.L.E.{0,6}I..V           	       0	       0	      22	       4	       5	       0	       0	       0	      31
SE.{4,11}F               	       0	       1	      58	      34	      16	       0	       0	       0	     109
.E.{2,9}H.Y              	       0	       2	      37	      35	      21	       0	       0	       0	      95
AE.{4,11}W               	       0	       8	      64	      57	      58	       0	       0	       0	     187
.E.{4,11}F               	       0	       3	     338	     220	     129	       0	       0	       0	     690
.L......A.{0,1}L...      	       0	       0	      33	       5	       4	       0	       0	       0	      42
.{6,13}V                 	       0	      36	     982	     275	     190	       0	       0	       0	    1483
.M.D.{2,9}L              	       0	       0	      12	       7	       5	       0	       0	       0	      24
AE.{4,11}Y               	       0	       1	      62	      67	      38	       0	       0	       0	     168
.L.{1,8}V..I             	       0	       0	      47	       6	       3	       0	       0	       0	      56
.LL.{3,10}L              	       0	       1	     193	      41	      76	       0	       0	       0	     311
.L.{1,8}V..V             	       0	       2	     100	      20	      11	       0	       0	       0	     133
AE.{4,11}F               	       0	       0	      79	      74	      40	       0	       0	       0	     193
KL.D.{2,9}L              	       0	       0	      37	      10	      15	       0	       0	       0	      62
.L.{4,11}L               	       0	      13	     901	     162	     184	       0	       0	       0	    1260
.PR.{3,10}F              	       0	       0	      15	       5	       5	       0	       0	       0	      25
.M.{4,11}V               	       0	       2	      80	      20	      15	       0	       0	       0	     117
.P.{4,11}L               	       0	      52	     622	     240	     189	       0	       0	       0	    1103
.E.{2,9}K.L              	       0	       1	      54	      10	       4	       0	       0	       0	      69
.M.{1,8}I..V             	       0	       1	      21	       0	       4	       0	       0	       0	      26
EE.{4,11}Y               	       0	       0	      39	      57	      11	       0	       0	       0	     107
.{6,13}W                 	       0	      57	     502	     415	     315	       0	       0	       0	    1289
.L.E.{2,9}V              	       0	       0	     125	      47	      33	       0	       0	       0	     205
.E.{4,11}M               	       0	       0	      39	      10	       7	       0	       0	       0	      56
.LLP.{2,9}L              	       0	       0	      18	       4	      14	       0	       0	       0	      36
.L.E.{2,9}L              	       0	       0	     235	      55	      41	       0	       0	       0	     331
.L.{1,8}L..I             	       0	       0	      59	       9	      12	       0	       0	       0	      80
SP.{3,10}SL              	       0	       3	      25	      16	      15	       0	       0	       0	      59
.L.E.{2,9}I              	       0	       0	      60	       8	       8	       0	       0	       0	      76
.E.{2,9}H.F              	       0	       0	      29	      27	      15	       0	       0	       0	      71
.M.{4,11}I               	       0	       0	      23	       2	       5	       0	       0	       0	      30
.E.{2,9}Q.F              	       0	       0	      48	      34	      28	       0	       0	       0	     110
RP.{4,11}F               	       0	       0	      16	       5	       2	       0	       0	       0	      23
.L.{1,8}L..V             	       0	       1	     145	      40	      33	       0	       0	       0	     219
AEI.{3,10}L              	       0	       1	      11	      10	       5	       0	       0	       0	      27
.P.{4,11}I               	       0	       4	      33	       8	       9	       0	       0	       0	      54
RP.{4,11}L               	       0	      12	     103	      40	      28	       0	       0	       0	     183
.PA.{3,10}V              	       0	       0	      16	       6	       0	       0	       0	       0	      22
.I.{1,8}L..V             	       0	       1	      31	       7	       5	       0	       0	       0	      44
.D.{4,11}W               	       0	      14	      21	       2	       1	       0	       0	       0	      38
.L.E.{3,10}              	       0	       1	     455	     127	      99	       0	       0	       0	     682
KL.{4,11}V               	       0	       1	      67	      22	      13	       0	       0	       0	     103
EE.{4,11}F               	       0	       0	      35	      33	      19	       0	       0	       0	      87
.{6,13}L                 	       0	     152	    2149	     574	     495	       0	       0	       0	    3370
.V...V.{0,7}V            	       0	       3	      20	       3	       2	       0	       0	       0	      28
.L.{4,11}V               	       0	       6	     598	     165	     115	       0	       0	       0	     884
.L.{1,8}I..I             	       0	       0	      31	       3	       2	       0	       0	       0	      36
.E.D.{2,9}F              	       0	       1	      47	      26	      18	       0	       0	       0	      92
.E.{4,11}W               	       0	      19	     442	     404	     307	       0	       0	       0	    1172
.L.E.{0,6}V..V           	       0	       0	      23	       7	       6	       0	       0	       0	      36
.E.{2,9}R.Y              	       0	       0	      43	      59	      34	       0	       0	       0	     136
SP.{4,11}L               	       0	       9	     134	      57	      38	       0	       0	       0	     238
.L.{1,8}V.EV             	       0	       1	      20	       4	       0	       0	       0	       0	      25
.L.{2,9}I.L              	       0	       0	      91	      26	      27	       0	       0	       0	     144
.L.D.{2,9}V              	       0	       0	      97	      37	      30	       0	       0	       0	     164
APA.{3,10}L              	       0	       6	      24	      10	       6	       0	       0	       0	      46
FL.{4,11}L               	       0	       0	      96	      21	      17	       0	       0	       0	     134
.L.D.{2,9}I              	       0	       0	      36	       8	       9	       0	       0	       0	      53
.E.{4,11}Y               	       0	       3	     258	     269	     125	       0	       0	       0	     655
.L.D.{2,9}L              	       0	       0	     160	      48	      54	       0	       0	       0	     262
.L.D.{3,10}              	       0	       3	     320	     106	     111	       0	       0	       0	     540
.E.{2,9}K.Y              	       0	       0	      40	      61	      29	       0	       0	       0	     130
.E.{2,9}Q.W              	       0	       0	      53	      32	      39	       0	       0	       0	     124
AE.{4,11}L               	       0	       1	      68	      37	      19	       0	       0	       0	     125
.L...V..A.{0,5}          	       0	       0	      22	       0	       3	       0	       0	       0	      25
.L.{1,8}I..V             	       0	       1	     118	      25	      23	       0	       0	       0	     167
.L.D.{0,6}I..V           	       0	       0	      24	       6	       8	       0	       0	       0	      38
QE.{4,11}F               	       0	       0	      27	      18	      14	       0	       0	       0	      59
APR.{3,10}L              	       0	       2	      20	       9	      13	       0	       0	       0	      44
.P.{4,11}M               	       0	       2	      76	      38	      24	       0	       0	       0	     140
AEM.{3,10}L              	       0	       0	       9	       8	       3	       0	       0	       0	      20
.L.{4,11}I               	       0	       3	     200	      35	      34	       0	       0	       0	     272
.E.{2,9}K.F              	       0	       2	      62	      59	      26	       0	       0	       0	     149
.P.{4,11}F               	       0	       1	      53	      25	      13	       0	       0	       0	      92
.{6,13}I                 	       0	      22	     396	      81	      64	       0	       0	       0	     563
AE.{4,11}I               	       0	       0	      28	       6	       0	       0	       0	       0	      34
.I.D.{2,9}V              	       0	       0	      16	      11	       2	       0	       0	       0	      29
.M.D.{2,9}V              	       0	       0	      13	       4	       7	       0	       0	       0	      24
KI.{4,11}V               	       0	       1	      24	      10	       3	       0	       0	       0	      38
.{3,10}I..V              	       0	       9	     176	      39	      35	       0	       0	       0	     259
.{4,11}Q.W               	       0	       2	      69	      35	      40	       0	       0	       0	     146
.L.P.{2,9}V              	       0	       0	      53	      18	      15	       0	       0	       0	      86
.V.{1,8}L..V             	       0	       1	      15	       6	      12	       0	       0	       0	      34
