Statistics of foreground peptides
---------------------------------------
  k-mer      total     unique
---------------------------------------
      7          2          2
      8         17         17
      9       5050       5049
     10       2093       2093
     11         67         67
     12          1          1
     14          1          1
     15          9         NA

Statistics of background peptides
---------------------------------------
k-mer  	 Total peptides
---------------------------------------
      7	       4452
      8	      36013
      9	     521754
     10	     207067
     11	     164209
     12	      44264
     13	      18683
     14	       3558


Statistics of motifs
---------------------------------------------------------------------------------------------------------------------------------------------------------
motif                    	 7mer   	 8mer   	 9mer   	 10mer  	 11mer  	 12mer  	 13mer  	 14mer  	 total  
---------------------------------------------------------------------------------------------------------------------------------------------------------
........M.{0,5}          	       0	       0	      88	      58	       2	       0	       0	       0	     148
.A.{4,11}Y               	       0	       0	      31	      20	       1	       0	       0	       0	      52
.T.{4,11}Y               	       0	       0	     113	      42	       1	       0	       0	       0	     156
.L.{4,11}R               	       0	       1	     115	      82	       1	       0	       0	       0	     199
........W.{0,5}          	       0	       0	      71	      45	       1	       0	       0	       0	     117
.L.{4,11}Y               	       0	       0	     120	      63	       0	       0	       0	       0	     183
.T.{4,11}R               	       0	       0	     154	      53	       2	       0	       0	       0	     209
........F.{0,5}          	       0	       0	     285	     162	       5	       0	       0	       0	     452
.A.{4,11}K               	       0	       1	      81	      48	       1	       0	       0	       0	     131
.T.{4,11}K               	       0	       1	     291	     216	      11	       0	       0	       0	     519
.L.{5,12}                	       1	       3	     794	     421	       6	       0	       0	       0	    1225
.L.{4,11}K               	       1	       2	     307	     232	       2	       0	       0	       0	     544
.M.{4,11}Y               	       0	       0	      31	      16	       0	       0	       0	       0	      47
.M.{4,11}K               	       0	       0	      57	      41	       1	       0	       0	       0	      99
.VY.{3,10}R              	       0	       0	      24	       5	       0	       0	       0	       0	      29
.{6,13}H                 	       0	       0	      68	     126	       0	       0	       0	       0	     194
.Q.{4,11}K               	       1	       0	     107	      90	       0	       0	       0	       0	     198
.{6,13}K                 	       2	       8	    1873	    1192	      33	       1	       0	       0	    3109
........L.{0,3}A.        	       0	       0	      77	       0	       0	       0	       0	       0	      77
.S.{4,11}Y               	       0	       0	     102	      52	      13	       0	       0	       0	     167
.Q.{4,11}Y               	       0	       0	      54	      12	       0	       0	       0	       0	      66
.{6,13}Y                 	       0	       0	     792	     328	      17	       0	       0	       0	    1137
.S.{4,11}K               	       0	       0	     230	     143	       5	       0	       0	       0	     378
.{6,13}R                 	       0	       3	     721	     387	       7	       0	       0	       0	    1118
.V.{4,11}K               	       0	       2	     323	     202	       7	       1	       0	       0	     535
.I.{4,11}K               	       0	       0	     147	      85	       6	       0	       0	       0	     238
.F.{4,11}Y               	       0	       0	      38	      30	       1	       0	       0	       0	      69
........L.{0,5}          	       0	       0	     505	     240	       7	       0	       0	       0	     752
.V.{4,11}R               	       0	       1	     126	      55	       2	       0	       0	       0	     184
.I.{4,11}R               	       0	       0	      63	      48	       0	       0	       0	       0	     111
.I.{4,11}Y               	       0	       0	      86	      48	       0	       0	       0	       0	     134
.F.{4,11}K               	       0	       1	     148	     103	       0	       0	       0	       0	     252
.........H.{0,4}         	       0	       0	       0	     126	       1	       0	       0	       1	     128
.V.{4,11}Y               	       0	       0	     124	      44	       1	       0	       0	       0	     169
