Statistics of foreground peptides
---------------------------------------
  k-mer      total     unique
---------------------------------------
      8        316        316
      9       2738       2738
     10        187        187
     11         23         23
     14          1          1
     15          4         NA

Statistics of background peptides
---------------------------------------
k-mer  	 Total peptides
---------------------------------------
      7	       4452
      8	      36013
      9	     521754
     10	     207067
     11	     164209
     12	      44264
     13	      18683
     14	       3558


Statistics of motifs
---------------------------------------------------------------------------------------------------------------------------------------------------------
motif                    	 7mer   	 8mer   	 9mer   	 10mer  	 11mer  	 12mer  	 13mer  	 14mer  	 total  
---------------------------------------------------------------------------------------------------------------------------------------------------------
....K.{1,8}M             	       0	       5	      29	       0	       0	       0	       0	       0	      34
....K.{1,8}I             	       0	       5	      46	       0	       0	       0	       0	       0	      51
........IR....           	       0	       0	      60	       7	       0	       0	       0	       0	      67
..D.{3,10}Y              	       0	       0	      36	       1	       0	       0	       0	       0	      37
..R.{3,10}L              	       0	      36	     148	      22	       1	       0	       0	       0	     207
....R.{0,7}AL            	       0	      15	      76	       2	       0	       0	       0	       0	      93
....K.{1,8}V             	       0	       6	      36	       1	       0	       0	       0	       0	      43
..K.R.{1,8}L             	       0	      37	      93	       0	       0	       0	       0	       0	     130
....R.{1,8}V             	       0	       4	      47	       0	       1	       0	       0	       0	      52
....R.{1,8}M             	       0	       2	      26	       3	       0	       0	       0	       0	      31
....R.{1,8}L             	       0	      82	     319	       9	       0	       0	       0	       0	     410
..K.K.{1,8}F             	       0	       7	      13	       0	       0	       0	       0	       0	      20
..M.{3,10}L              	       0	       5	      42	      14	       0	       0	       0	       0	      61
.M.{4,11}L               	       0	       3	      51	      25	       0	       0	       0	       0	      79
..K.K.{1,8}L             	       0	      77	     104	       4	       2	       0	       0	       0	     187
.{6,13}F                 	       0	      14	     351	       0	       2	       0	       0	       0	     367
.{6,13}L                 	       0	     269	    1002	     162	       7	       0	       0	       0	    1440
.P..K.{1,8}L             	       0	      32	      43	       2	       2	       0	       0	       0	      79
....R.{0,7}SL            	       0	       8	      80	       3	       0	       0	       0	       0	      91
..R.K.{1,8}L             	       0	      28	      50	       2	       1	       0	       0	       0	      81
.{6,13}Y                 	       0	       0	     228	       2	       4	       0	       0	       0	     234
.{2,9}K...L              	       0	      49	     262	      32	       3	       0	       0	       0	     346
..K.{2,9}SL              	       0	      18	      61	       2	       0	       0	       0	       0	      81
.....F.{0,7}I            	       0	       0	      35	       0	       0	       0	       0	       0	      35
.{0,7}R.....M            	       0	       0	      23	       2	       0	       0	       0	       0	      25
..K.{3,10}L              	       0	     129	     284	      14	       3	       0	       0	       0	     430
..K.{3,10}M              	       0	       6	      31	       0	       0	       0	       0	       0	      37
..K.R.{1,8}F             	       0	       2	      25	       0	       0	       0	       0	       0	      27
