Statistics of foreground peptides
---------------------------------------
  k-mer      total     unique
---------------------------------------
      7          2          2
      8         90         90
      9       6706       6706
     10       2505       2505
     11        239        239
     12         16         16
     13          6          6
     14          8          8
     15         16         NA
     16          3         NA
     17          1         NA
     18          3         NA
     19          1         NA
     21          1         NA
     22          1         NA
     23          1         NA
     24          1         NA

Statistics of background peptides
---------------------------------------
k-mer  	 Total peptides
---------------------------------------
      7	       4452
      8	      36013
      9	     521754
     10	     207067
     11	     164209
     12	      44264
     13	      18683
     14	       3558


Statistics of motifs
---------------------------------------------------------------------------------------------------------------------------------------------------------
motif                    	 7mer   	 8mer   	 9mer   	 10mer  	 11mer  	 12mer  	 13mer  	 14mer  	 total  
---------------------------------------------------------------------------------------------------------------------------------------------------------
KA.{4,11}K               	       0	       1	      19	      10	       2	       1	       0	       0	      33
.TY.{3,10}R              	       0	       0	      25	       6	       4	       0	       0	       0	      35
.A.{4,11}Y               	       0	       0	      41	      20	       2	       0	       0	       0	      63
.T.{4,11}Y               	       0	       0	     165	      43	       0	       0	       0	       0	     208
.L.{4,11}R               	       0	       1	     208	     105	       5	       0	       0	       0	     319
.TY.{3,10}Y              	       0	       0	      14	       9	       0	       0	       0	       0	      23
.L.{4,11}Y               	       0	       1	     174	      66	       2	       0	       1	       0	     244
.T.{4,11}R               	       0	       1	     165	      51	       7	       0	       0	       0	     224
........F.{0,5}          	       0	       0	     323	     162	       8	       2	       0	       0	     495
.A.{4,11}K               	       0	       4	      99	      52	       3	       1	       0	       0	     159
.T.{4,11}K               	       0	       6	     398	     255	      26	       0	       1	       0	     686
RL.{4,11}R               	       0	       0	      38	      19	       4	       0	       0	       0	      61
.TY.{3,10}K              	       0	       0	      42	      23	       6	       0	       0	       0	      71
.V.{2,9}I.R              	       0	       0	      24	      14	       2	       0	       0	       0	      40
.L.{4,11}K               	       0	      16	     550	     367	      56	       1	       1	       0	     991
.M.{4,11}Y               	       0	       0	      57	      16	       1	       0	       0	       0	      74
.P......F.{0,5}          	       0	       0	      50	       0	       0	       0	       0	       0	      50
.M.{4,11}R               	       0	       0	      38	      24	       1	       0	       0	       0	      63
..A.....L.{0,3}A.        	       0	       0	      20	       0	       1	       0	       0	       0	      21
.M.{4,11}K               	       0	       1	      90	      52	       7	       0	       0	       0	     150
.VF.{3,10}K              	       0	       2	      33	      37	       7	       3	       0	       0	      82
KS.{4,11}K               	       0	       2	      43	      29	       2	       0	       0	       0	      76
.VY.{3,10}R              	       0	       0	      39	       7	       5	       0	       0	       0	      51
RV.{4,11}K               	       0	       3	      50	      38	      18	       1	       1	       0	     111
KV.{4,11}K               	       0	       3	      44	      53	       8	       1	       0	       0	     109
.S.{4,11}R               	       0	       2	      65	      43	       0	       0	       0	       0	     110
.Q.{4,11}K               	       0	       2	     128	      98	       4	       0	       0	       0	     232
.{6,13}K                 	       1	      61	    2568	    1551	     189	       7	       5	       1	    4383
K.{3,10}L.H              	       0	       0	      18	       3	       0	       0	       0	       0	      21
.S.{4,11}Y               	       0	       0	     136	      50	       0	       0	       0	       0	     186
.LY.{3,10}Y              	       0	       0	      22	       9	       1	       0	       0	       0	      32
.Q.{4,11}Y               	       0	       0	      44	      11	       0	       0	       0	       0	      55
.H......L.{0,5}          	       0	       0	      59	       0	       0	       0	       0	       0	      59
.VY.{3,10}K              	       0	       3	      55	      26	      15	       0	       1	       0	     100
.S.{4,11}K               	       0	       3	     289	     154	      10	       1	       0	       0	     457
.IF.{3,10}K              	       0	       0	      27	      13	       5	       0	       0	       0	      45
.IY.{3,10}K              	       0	       4	      21	       9	       8	       0	       0	       0	      42
.Q.{4,11}R               	       0	       0	      44	      16	       0	       0	       0	       0	      60
KT.{4,11}K               	       0	       2	      51	      33	      10	       0	       1	       0	      97
.F.......R.{0,4}         	       0	       0	       0	      29	       0	       0	       0	       0	      29
.V.{4,11}K               	       0	      16	     451	     303	      57	       3	       3	       0	     833
.I.{4,11}K               	       1	       9	     250	     126	      24	       0	       0	       0	     410
.F.{4,11}Y               	       0	       0	      45	      30	       1	       0	       0	       0	      76
........L.{0,5}          	       0	       0	     611	     279	      30	       3	       0	       0	     923
KQ.{4,11}K               	       0	       2	      20	      18	       3	       0	       0	       0	      43
.V.{4,11}R               	       0	       2	     160	      65	      10	       0	       0	       0	     237
.I.{4,11}R               	       0	       1	      88	      52	       1	       1	       0	       0	     143
.I.{4,11}Y               	       0	       2	     110	      52	       1	       0	       0	       0	     165
.F.{4,11}K               	       0	       3	     145	     105	       0	       0	       0	       0	     253
.........H.{0,4}         	       0	       0	       0	     126	       5	       0	       0	       0	     131
.V.{4,11}Y               	       1	       4	     182	      47	       3	       0	       0	       0	     237
