Statistics of foreground peptides
---------------------------------------
  k-mer      total     unique
---------------------------------------
      8        238        238
      9       1886       1886
     10        698        698
     11        450        450

Statistics of background peptides
---------------------------------------
k-mer  	 Total peptides
---------------------------------------
      7	       4452
      8	      36013
      9	     521754
     10	     207067
     11	     164209
     12	      44264
     13	      18683
     14	       3558


Statistics of motifs
---------------------------------------------------------------------------------------------------------------------------------------------------------
motif                    	 7mer   	 8mer   	 9mer   	 10mer  	 11mer  	 12mer  	 13mer  	 14mer  	 total  
---------------------------------------------------------------------------------------------------------------------------------------------------------
.{6,13}L                 	       0	     172	    1229	     450	     325	       0	       0	       0	    2176
.P.{4,11}I               	       0	      13	      93	      27	      20	       0	       0	       0	     153
.P.{4,11}L               	       0	     172	    1217	     450	     321	       0	       0	       0	    2160
.P.{4,11}M               	       0	      12	     175	      80	      45	       0	       0	       0	     312
.P..P.{1,8}F             	       0	       0	      34	      20	       5	       0	       0	       0	      59
SP.{4,11}L               	       0	      46	     265	     105	      63	       0	       0	       0	     479
AP.{5,12}                	       0	      50	     328	     132	      82	       0	       0	       0	     592
SP.{3,10}SL              	       0	       9	      59	      23	      19	       0	       0	       0	     110
SP.{4,11}I               	       0	       2	      18	       8	       7	       0	       0	       0	      35
APA.{3,10}L              	       0	       9	      39	      20	       7	       0	       0	       0	      75
SP.{4,11}V               	       0	       3	      38	       8	       7	       0	       0	       0	      56
RP.{4,11}F               	       0	       0	      32	      11	       3	       0	       0	       0	      46
.P.{4,11}F               	       0	       2	     117	      58	      22	       0	       0	       0	     199
.P.{5,12}                	       0	     237	    1868	     698	     446	       0	       0	       0	    3249
RP.{4,11}L               	       0	      30	     176	      71	      53	       0	       0	       0	     330
APR.{3,10}L              	       0	       4	      29	      17	      22	       0	       0	       0	      72
RP.{4,11}I               	       0	       2	      19	       2	       2	       0	       0	       0	      25
.P.{4,11}V               	       0	      11	     139	      39	      20	       0	       0	       0	     209
