Statistics of foreground peptides
---------------------------------------
  k-mer      total     unique
---------------------------------------
      0          6         NA
      6          1         NA
      7         10         10
      8        171        171
      9      11462      11413
     10       3493       3488
     11        506        506
     12        172        172
     13         82         82
     14        123        123
     15        223         NA
     16         82         NA
     17         35         NA
     18         28         NA
     19          9         NA
     20        260         NA
     21          8         NA
     22          4         NA
     23          4         NA
     24          4         NA
     25          7         NA
     29          1         NA
     30          1         NA
     31          1         NA
     32          2         NA
     34          1         NA
     35          1         NA
     44          1         NA
     45          1         NA

Statistics of background peptides
---------------------------------------
k-mer  	 Total peptides
---------------------------------------
      7	       4452
      8	      36013
      9	     521754
     10	     207067
     11	     164209
     12	      44264
     13	      18683
     14	       3558


Statistics of motifs
---------------------------------------------------------------------------------------------------------------------------------------------------------
motif                    	 7mer   	 8mer   	 9mer   	 10mer  	 11mer  	 12mer  	 13mer  	 14mer  	 total  
---------------------------------------------------------------------------------------------------------------------------------------------------------
.L.{4,11}T               	       0	       0	     173	      92	       5	       2	       2	       3	     277
.L.{4,11}V               	       0	      26	    1263	     463	      78	      38	      22	       8	    1898
FA.{4,11}V               	       0	       0	      24	       2	       0	       0	       0	       0	      26
.T.{4,11}Y               	       0	       0	      88	       2	       0	       0	       0	       0	      90
.T.{4,11}V               	       1	       2	     174	      64	       3	       0	       0	       1	     245
.L...I.{0,7}A            	       0	       0	      48	      14	       5	       0	       0	       0	      67
.AA.{3,10}V              	       0	       0	      23	      12	       0	       0	       0	       1	      36
.T.{4,11}L               	       0	       4	     162	      70	       3	       1	       0	       5	     245
.A.{4,11}L               	       0	       3	     140	      43	       5	       0	       0	       1	     192
.L.{4,11}A               	       0	       6	     400	     135	      26	      18	      12	       7	     604
.LM.{0,7}I..V            	       0	       0	      21	       4	       0	       0	       0	       0	      25
.L.{4,11}L               	       1	      23	    1361	     420	      49	      61	      32	       9	    1956
.L.{4,11}M               	       0	       2	      75	      43	       3	       3	       2	       1	     129
.L.{4,11}I               	       0	       8	     516	     225	      21	       7	       0	       3	     780
........Y.{0,5}          	       0	       0	     580	     173	      13	       2	       2	       0	     770
.M.{4,11}V               	       0	       5	     211	      94	      13	       2	       0	       0	     325
.M.{4,11}I               	       0	       1	     103	      69	       3	       0	       0	       0	     176
.M.{4,11}M               	       0	       0	      27	      16	       2	       0	       0	       0	      45
.M.{4,11}L               	       2	       4	     245	      79	      14	       2	       0	       0	     346
.M.{4,11}A               	       0	       0	      72	      34	       4	       0	       1	       0	     111
.Q.{4,11}L               	       0	       1	     101	      29	       0	       0	       1	       1	     133
FL.{4,11}L               	       0	       5	     113	      40	       7	       5	       1	       0	     171
.L.D.{2,9}I              	       0	       1	      67	      24	       3	       1	       0	       0	      96
.L.D.{2,9}L              	       1	       1	     154	      36	       7	      32	      14	       2	     247
.Q.{4,11}V               	       0	       0	      73	      34	       0	       0	       0	       0	     107
.L.{1,8}I..V             	       0	       0	     161	      51	       6	       4	       2	       0	     224
FL.{4,11}A               	       0	       0	      52	      19	       2	       1	       1	       0	      75
.I.{4,11}M               	       0	       0	      37	      26	       0	       0	       0	       0	      63
.I.{4,11}L               	       0	       5	     302	     141	       3	       0	       0	       1	     452
.V.{4,11}L               	       0	       7	     205	      87	       5	       0	       1	       1	     306
.I.{4,11}I               	       0	       1	     171	     116	       5	       0	       0	       1	     294
........F.{0,5}          	       0	       0	     468	     217	      20	       5	       0	       6	     716
.V.{4,11}I               	       0	       5	     126	      64	       3	       0	       0	       1	     199
.V.{4,11}V               	       0	       6	     242	     108	      12	       1	       0	       1	     370
.I.{4,11}T               	       0	       1	      72	      42	       2	       0	       0	       0	     117
.I.{4,11}V               	       0	       1	     301	     128	       7	       1	       0	       0	     438
.L.N.V.T.{0,5}L          	       0	       0	      88	       1	       0	       0	       0	       0	      89
.T.{4,11}I               	       0	       2	     102	      62	       2	       0	       0	       0	     168
