Statistics of foreground peptides
---------------------------------------
  k-mer      total     unique
---------------------------------------
      8         90         90
      9       2709       2709
     10        662        662
     11        523        523

Statistics of background peptides
---------------------------------------
k-mer  	 Total peptides
---------------------------------------
      7	       4452
      8	      36013
      9	     521754
     10	     207067
     11	     164209
     12	      44264
     13	      18683
     14	       3558


Statistics of motifs
---------------------------------------------------------------------------------------------------------------------------------------------------------
motif                    	 7mer   	 8mer   	 9mer   	 10mer  	 11mer  	 12mer  	 13mer  	 14mer  	 total  
---------------------------------------------------------------------------------------------------------------------------------------------------------
.L.{4,11}V               	       0	      11	     860	     228	     164	       0	       0	       0	    1263
KL.E.{2,9}L              	       0	       0	      50	      14	       7	       0	       0	       0	      71
.L.{1,8}V..I             	       0	       1	      64	       7	       4	       0	       0	       0	      76
.L.{1,8}V..V             	       0	       4	     138	      26	      17	       0	       0	       0	     185
.L.....E.{0,2}L..V       	       0	       0	      29	      10	       0	       0	       0	       0	      39
KL.D.{2,9}L              	       0	       1	      41	      11	      15	       0	       0	       0	      68
.L.{4,11}L               	       0	      25	    1238	     236	     217	       0	       0	       0	    1716
.L.E.{1,8}QV             	       0	       0	      26	       5	       5	       0	       0	       0	      36
.L.{4,11}I               	       0	      11	     287	      46	      44	       0	       0	       0	     388
.L.{5,12}                	       0	      79	    2662	     639	     511	       0	       0	       0	    3891
.L.{1,8}L..A             	       0	       1	      56	      25	      12	       0	       0	       0	      94
.L.E.{2,9}A              	       0	       0	      37	      19	      15	       0	       0	       0	      71
.LLP.{2,9}L              	       0	       0	      22	       7	      16	       0	       0	       0	      45
.L.E.{2,9}L              	       0	       0	     312	      76	      51	       0	       0	       0	     439
.L.{1,8}L..I             	       0	       0	      81	      12	      14	       0	       0	       0	     107
.LL.{3,10}L              	       0	       3	     259	      56	      84	       0	       0	       0	     402
.L.E.{2,9}I              	       0	       0	      79	      12	      13	       0	       0	       0	     104
.L.E.{2,9}V              	       0	       0	     180	      63	      48	       0	       0	       0	     291
.L.{1,8}L..V             	       0	       1	     196	      56	      42	       0	       0	       0	     295
.{6,13}L                 	       0	      31	    1266	     246	     222	       0	       0	       0	    1765
.L.{1,8}I..I             	       0	       3	      40	       3	       3	       0	       0	       0	      49
.{6,13}I                 	       0	      13	     293	      48	      44	       0	       0	       0	     398
.L.{1,8}I..A             	       0	       0	      26	      11	       4	       0	       0	       0	      41
.L.{2,9}I.L              	       0	       0	     110	      31	      31	       0	       0	       0	     172
.L.D.{2,9}V              	       0	       1	     127	      53	      34	       0	       0	       0	     215
FL.{4,11}L               	       0	       0	     127	      28	      21	       0	       0	       0	     176
.L.D.{2,9}I              	       0	       0	      51	       8	       9	       0	       0	       0	      68
.L.D.{2,9}L              	       0	       2	     211	      57	      59	       0	       0	       0	     329
.L.D.{2,9}M              	       0	       0	      13	       4	       4	       0	       0	       0	      21
.L.D.{2,9}A              	       0	       1	      24	      13	      14	       0	       0	       0	      52
.{6,13}V                 	       0	      14	     872	     238	     171	       0	       0	       0	    1295
.L.{1,8}I..V             	       0	       3	     156	      33	      26	       0	       0	       0	     218
.L.{1,8}P..A             	       0	       0	      26	      13	       3	       0	       0	       0	      42
.L.D.{0,6}I..V           	       0	       1	      32	       6	       8	       0	       0	       0	      47
.LLD.{2,9}L              	       0	       1	      38	      19	      27	       0	       0	       0	      85
.L...V.{0,7}A            	       0	       1	      31	       4	       5	       0	       0	       0	      41
.L.P.{2,9}V              	       0	       0	      89	      23	      24	       0	       0	       0	     136
.L.E.{2,9}M              	       0	       0	      10	       6	       4	       0	       0	       0	      20
