Statistics of foreground peptides
---------------------------------------
  k-mer      total     unique
---------------------------------------
      8         73         73
      9       6570       6570
     10       2451       2451
     11        204        204
     12          9          9
     14          7          7
     15         16         NA
     16          3         NA
     17          1         NA
     18          3         NA
     19          1         NA
     21          1         NA
     22          1         NA
     23          1         NA
     24          1         NA

Statistics of background peptides
---------------------------------------
k-mer  	 Total peptides
---------------------------------------
      7	       4452
      8	      36013
      9	     521754
     10	     207067
     11	     164209
     12	      44264
     13	      18683
     14	       3558


Statistics of motifs
---------------------------------------------------------------------------------------------------------------------------------------------------------
motif                    	 7mer   	 8mer   	 9mer   	 10mer  	 11mer  	 12mer  	 13mer  	 14mer  	 total  
---------------------------------------------------------------------------------------------------------------------------------------------------------
KA.{4,11}K               	       0	       1	      18	       9	       2	       1	       0	       0	      31
.TY.{3,10}R              	       0	       0	      25	       5	       3	       0	       0	       0	      33
.A.{4,11}Y               	       0	       0	      39	      20	       2	       0	       0	       0	      61
.T.{4,11}Y               	       0	       0	     161	      42	       0	       0	       0	       0	     203
.L.{4,11}R               	       0	       1	     203	     100	       5	       0	       0	       0	     309
........W.{0,5}          	       0	       0	     104	      37	       2	       0	       0	       0	     143
.L.{4,11}Y               	       0	       1	     167	      65	       2	       0	       0	       0	     235
.T.{4,11}R               	       0	       1	     159	      49	       6	       0	       0	       0	     215
.A.{4,11}R               	       0	       0	      39	      29	       1	       0	       0	       0	      69
........F.{0,5}          	       0	       0	     323	     160	       6	       2	       0	       0	     491
.A.{4,11}K               	       0	       3	      96	      51	       3	       1	       0	       0	     154
.T.{4,11}K               	       0	       4	     381	     252	      21	       0	       0	       0	     658
RL.{4,11}R               	       0	       0	      35	      17	       4	       0	       0	       0	      56
.TY.{3,10}K              	       0	       0	      39	      22	       6	       0	       0	       0	      67
.V.{2,9}I.R              	       0	       0	      23	      14	       2	       0	       0	       0	      39
.L.{4,11}K               	       0	      14	     525	     358	      48	       0	       0	       0	     945
.M.{4,11}Y               	       0	       0	      57	      16	       1	       0	       0	       0	      74
.L.{5,12}                	       0	      18	    1271	     568	      58	       0	       0	       2	    1917
.P......F.{0,5}          	       0	       0	      50	       0	       0	       0	       0	       0	      50
.M.{4,11}R               	       0	       0	      37	      23	       1	       0	       0	       0	      61
..A.....L.{0,3}A.        	       0	       0	      20	       0	       1	       0	       0	       0	      21
.M.{4,11}K               	       0	       1	      90	      52	       6	       0	       0	       0	     149
.VF.{3,10}K              	       0	       2	      32	      35	       6	       0	       0	       0	      75
KS.{4,11}K               	       0	       1	      39	      28	       2	       0	       0	       0	      70
.VY.{3,10}R              	       0	       0	      38	       6	       5	       0	       0	       0	      49
RV.{4,11}K               	       0	       3	      48	      35	      16	       0	       0	       0	     102
.LY.{3,10}K              	       0	       1	      45	      17	       7	       0	       0	       0	      70
.S.{4,11}R               	       0	       1	      65	      42	       0	       0	       0	       0	     108
.Q.{4,11}K               	       0	       2	     127	      98	       4	       0	       0	       0	     231
.{6,13}K                 	       0	      52	    2487	    1514	     156	       1	       0	       1	    4211
K.{3,10}L.H              	       0	       0	      18	       3	       0	       0	       0	       0	      21
.S.{4,11}Y               	       0	       0	     135	      50	       0	       0	       0	       0	     185
.{6,13}Y                 	       0	       6	    1036	     332	      10	       0	       0	       0	    1384
.LY.{3,10}Y              	       0	       0	      17	       9	       1	       0	       0	       0	      27
.Q.{4,11}Y               	       0	       0	      44	      11	       0	       0	       0	       0	      55
.H......L.{0,5}          	       0	       0	      59	       0	       0	       0	       0	       0	      59
.VY.{3,10}K              	       0	       3	      55	      23	      10	       0	       0	       0	      91
.LY.{3,10}R              	       0	       0	      28	      12	       0	       0	       0	       0	      40
.S.{4,11}K               	       0	       2	     281	     151	       7	       0	       0	       0	     441
.IF.{3,10}K              	       0	       0	      27	      13	       3	       0	       0	       0	      43
.IY.{3,10}K              	       0	       4	      15	       8	       7	       0	       0	       0	      34
.Q.{4,11}R               	       0	       0	      44	      16	       0	       0	       0	       0	      60
.F.......R.{0,4}         	       0	       0	       0	      29	       0	       0	       0	       0	      29
.V.{4,11}K               	       0	      15	     435	     288	      47	       0	       0	       0	     785
.I.{4,11}K               	       0	       8	     240	     121	      20	       0	       0	       0	     389
.F.{4,11}Y               	       0	       0	      45	      30	       1	       0	       0	       0	      76
........L.{0,5}          	       0	       0	     611	     272	      26	       2	       0	       0	     911
KQ.{4,11}K               	       0	       2	      19	      18	       3	       0	       0	       0	      42
..Y.{3,10}H              	       0	       1	      31	      11	       0	       0	       0	       0	      43
.V.{4,11}R               	       0	       2	     155	      63	       9	       0	       0	       0	     229
.I.{4,11}R               	       0	       1	      85	      51	       1	       1	       0	       0	     139
.I.{4,11}Y               	       0	       1	     106	      52	       1	       0	       0	       0	     160
.F.{4,11}K               	       0	       2	     145	     105	       0	       0	       0	       0	     252
.........H.{0,4}         	       0	       0	       0	     126	       3	       0	       0	       0	     129
.V.{4,11}Y               	       0	       4	     173	      45	       3	       0	       0	       0	     225
