Statistics of foreground peptides
---------------------------------------
  k-mer      total     unique
---------------------------------------
      7          1          1
      8         53         53
      9       4311       4311
     10        673        673
     11         63         63
     12        128        128
     13         86         86
     14         39         39
     15         44         NA
     16         17         NA
     17         23         NA
     18          4         NA

Statistics of background peptides
---------------------------------------
k-mer  	 Total peptides
---------------------------------------
      7	       4452
      8	      36013
      9	     521754
     10	     207067
     11	     164209
     12	      44264
     13	      18683
     14	       3558


Statistics of motifs
---------------------------------------------------------------------------------------------------------------------------------------------------------
motif                    	 7mer   	 8mer   	 9mer   	 10mer  	 11mer  	 12mer  	 13mer  	 14mer  	 total  
---------------------------------------------------------------------------------------------------------------------------------------------------------
.L.{4,11}V               	       0	       0	      54	       5	       2	       0	       0	       0	      61
.T.{4,11}Y               	       0	       0	      57	       0	       0	       0	       0	       0	      57
..R.{2,9}AL              	       0	       0	      39	       2	       0	      12	       5	       7	      65
..R.{3,10}L              	       0	       2	     173	      29	       3	      58	      32	      24	     321
.PR.{3,10}L              	       0	       2	      57	      23	       1	      58	      32	      24	     197
.PR.{3,10}F              	       0	       0	      23	      10	       0	       5	       1	       0	      39
LPF.{1,8}T.M             	       0	       0	      26	       1	       0	       0	       0	       0	      27
.M.{4,11}V               	       0	       0	      20	       0	       0	       0	       0	       0	      20
.V......K.{0,5}          	       0	       0	      46	       1	       1	       0	       0	       0	      48
.{6,13}L                 	       0	      22	    1184	     210	      18	     101	      68	      29	    1632
.{6,13}M                 	       0	       6	     282	      56	       4	       6	       9	       3	     366
.{5,12}AL                	       0	       2	     200	      22	       3	      20	       8	       9	     264
.{5,12}AM                	       0	       3	      58	       5	       1	       1	       3	       2	      73
.{6,13}I                 	       0	       3	     383	     105	       9	       1	       1	       1	     503
.{6,13}F                 	       0	       7	     485	      53	       5	       7	       1	       1	     559
.Y.{4,11}F               	       0	       0	      34	       0	       0	       0	       0	       0	      34
.{6,13}Y                 	       0	       6	     432	      35	       6	       0	       0	       0	     479
.P.{5,12}                	       0	      43	    1571	     595	      40	     126	      86	      38	    2499
.{6,13}V                 	       0	       6	     371	      91	       7	       6	       4	       2	     487
.{6,13}W                 	       0	       0	      93	       5	       1	       0	       0	       0	      99
.P.{4,11}I               	       0	       2	     246	      99	       7	       1	       1	       1	     357
.P.{4,11}L               	       0	      17	     478	     183	      15	     100	      68	      29	     890
.P.{4,11}M               	       0	       5	     167	      51	       4	       6	       9	       3	     245
.P.{4,11}A               	       0	       1	     129	      42	       2	       6	       3	       2	     185
.P.{4,11}F               	       0	       6	     179	      50	       2	       7	       1	       1	     246
.P.{4,11}Y               	       0	       6	      51	      33	       3	       0	       0	       0	      93
........K.{0,5}          	       0	       0	     258	      37	       2	       1	       3	       1	     302
.P.{4,11}V               	       0	       6	     166	      83	       4	       6	       4	       2	     271
