Statistics of foreground peptides
---------------------------------------
  k-mer      total     unique
---------------------------------------
      7        102        102
      8        304        304
      9       2443       2443
     10        545        545
     11        317        317
     12        101        101
     13         79         79
     14         66         66
     15         46         NA
     16         24         NA
     17          4         NA
     18          2         NA

Statistics of background peptides
---------------------------------------
k-mer  	 Total peptides
---------------------------------------
      7	       4452
      8	      36013
      9	     521754
     10	     207067
     11	     164209
     12	      44264
     13	      18683
     14	       3558


Statistics of motifs
---------------------------------------------------------------------------------------------------------------------------------------------------------
motif                    	 7mer   	 8mer   	 9mer   	 10mer  	 11mer  	 12mer  	 13mer  	 14mer  	 total  
---------------------------------------------------------------------------------------------------------------------------------------------------------
.{6,13}L                 	      10	     198	    1194	     128	      32	      12	       8	       8	    1590
..Y.{3,10}H              	       0	       1	      21	       1	       0	       1	       0	       0	      24
RL.{4,11}K               	       0	       2	      33	      25	      27	       8	       3	       1	      99
HH.{4,11}L               	       1	      12	      74	      15	       7	       0	       0	       0	     109
R.......R.{0,5}          	       0	       0	      52	      19	       6	       0	       0	       0	      77
.Q.{4,11}L               	       0	      21	      76	       3	       0	       1	       0	       0	     101
AV.{4,11}K               	       0	       0	       8	      14	       8	       2	       2	       0	      34
.H.{4,11}L               	       3	     136	     898	      90	      24	       3	       2	       0	    1156
RT.{4,11}K               	       0	       0	      15	      15	       9	       2	       0	       2	      43
R.{5,12}Y                	       0	       0	      63	       5	       9	       0	       5	       0	      82
.V.{4,11}K               	       0	       5	      87	      79	      59	      19	      10	       5	     264
.A.{4,11}L               	       1	       4	      66	       5	       4	       0	       1	       1	      82
..Y.{3,10}Y              	       0	       0	      34	       6	       5	       0	       1	       0	      46
.T.{4,11}K               	       2	       1	      52	      52	      32	      13	       6	       3	     161
K.{5,12}Y                	       0	       1	      57	      14	       4	       0	       0	       1	      77
R.Y.{3,10}R              	       0	       1	      16	       2	       2	       1	       0	       0	      22
..Y.....R.{0,5}          	       0	       0	      31	      14	       4	       0	       0	       1	      50
.L.{4,11}K               	       0	       3	     146	      86	      77	      22	      11	       2	     347
KL.{4,11}K               	       0	       1	      31	      24	      26	       5	       5	       0	      92
.Q.{4,11}K               	       2	       1	      10	       8	       4	       1	       2	       0	      28
RI.{4,11}K               	       0	       1	      26	      10	      16	       6	       0	       3	      62
.M.{4,11}K               	       0	       1	      11	      17	       9	       1	       2	       0	      41
.{4,11}L.Y               	       2	       1	      96	       7	       5	       0	       5	       1	     117
.AI.{3,10}L              	       0	       0	      19	       1	       0	       0	       0	       0	      20
..D.{3,10}L              	       0	      10	     103	      13	       2	       0	       1	       1	     130
RV.{4,11}K               	       0	       0	      22	      24	      24	      10	       5	       3	      88
KV.{4,11}K               	       0	       3	      12	      20	      10	       2	       2	       0	      49
.LY.{3,10}K              	       0	       1	      28	      12	       8	       4	       2	       2	      57
.{1,8}P.....             	       9	       9	     367	      75	      26	       6	       4	       8	     504
.H.P.{2,9}F              	       0	       0	      14	       7	       1	       1	       0	       0	      23
.{0,7}Y......            	      17	      15	     314	      10	       4	       2	       6	       2	     370
RV.D.{2,9}K              	       0	       0	       6	       4	       8	       2	       0	       0	      20
R.{3,10}L.Y              	       0	       0	      31	       3	       3	       0	       5	       0	      42
.H.P.{2,9}V              	       0	       0	      26	       0	       0	       0	       0	       0	      26
.FD.{3,10}L              	       0	       7	      20	       4	       1	       0	       0	       0	      32
.VY.{3,10}K              	       0	       1	      17	       9	      15	       4	       2	       2	      50
K.{3,10}L.Y              	       0	       0	      32	       4	       2	       0	       0	       0	      38
.S.{4,11}K               	       6	       6	      19	      11	       9	       1	       0	       0	      52
.FD.{3,10}F              	       0	       0	      24	       1	       1	       0	       0	       0	      26
.IF.{3,10}K              	       0	       0	      15	       5	       6	       1	       1	       0	      28
.IY.{3,10}K              	       0	       1	      12	       9	      11	       5	       0	       0	      38
AT.{4,11}K               	       0	       0	      10	      10	       0	       1	       1	       1	      23
.H.{4,11}F               	       0	       0	      59	      14	       3	       2	       0	       0	      78
KT.{4,11}K               	       0	       0	       2	      13	      20	       6	       5	       0	      46
KI.{4,11}K               	       0	       1	      17	       9	       5	       2	       1	       0	      35
.Q.{2,9}P.L              	       0	       5	      22	       1	       0	       0	       0	       0	      28
.LF.{3,10}K              	       0	       0	      22	      12	      11	       8	       2	       0	      55
.H.{4,11}M               	       0	       6	      66	      11	       2	       1	       0	       0	      86
.I.{4,11}K               	       1	       3	      76	      38	      34	      12	       2	       3	     169
H.{5,12}L                	       4	      37	      97	      15	       7	       0	       0	       1	     161
R.Y.{3,10}K              	       0	       1	      11	      10	      14	       5	       2	       3	      46
.H.{4,11}V               	       1	       4	      98	       4	       1	       1	       0	       0	     109
.H.{4,11}I               	       0	       4	      73	       1	       0	       0	       0	       0	      78
.{4,11}L.H               	       3	       1	      42	       3	       2	       1	       0	       0	      52
...P.{0,3}A.....L        	       0	       2	      31	       0	       1	       0	       0	       0	      34
