Statistics of foreground peptides
---------------------------------------
  k-mer      total     unique
---------------------------------------
      7         95         95
      8        280        280
      9       2665       2665
     10        662        662
     11        404        404
     12        137        137
     13         80         80
     14         59         59
     15         46         NA
     16         22         NA
     17          2         NA
     18          1         NA

Statistics of background peptides
---------------------------------------
k-mer  	 Total peptides
---------------------------------------
      7	       4452
      8	      36013
      9	     521754
     10	     207067
     11	     164209
     12	      44264
     13	      18683
     14	       3558


Statistics of motifs
---------------------------------------------------------------------------------------------------------------------------------------------------------
motif                    	 7mer   	 8mer   	 9mer   	 10mer  	 11mer  	 12mer  	 13mer  	 14mer  	 total  
---------------------------------------------------------------------------------------------------------------------------------------------------------
RL.{4,11}K               	       0	       1	      33	      32	      24	       7	       1	       1	      99
.A.{4,11}Y               	       0	       0	      97	      17	      12	       1	       1	       0	     128
.H.P.{2,9}V              	       0	       0	      27	       0	       0	       0	       0	       0	      27
K.Y.{4,11}               	       0	       2	      34	      15	      13	       7	       7	       0	      78
.Q.{4,11}L               	       0	      16	      60	       2	       0	       0	       0	       0	      78
AV.{4,11}K               	       0	       0	      10	      15	       7	       1	       1	       0	      34
.LF.{3,10}K              	       0	       0	      20	      14	      11	       7	       2	       0	      54
RT.{4,11}K               	       0	       0	      13	      15	      10	       2	       1	       2	      43
.L.{4,11}Y               	       1	       0	      51	       9	       6	       0	       4	       1	      72
TA.{4,11}Y               	       0	       0	      20	       2	       1	       0	       1	       0	      24
.A.{4,11}M               	       0	       3	      20	       0	       1	       0	       0	       1	      25
.A.{4,11}L               	       1	       1	      66	       3	       3	       0	       0	       0	      74
K.{3,10}L.Y              	       0	       0	      32	       3	       2	       1	       0	       0	      38
..D.{3,10}F              	       0	       0	      25	       5	       4	       0	       0	       1	      35
.TY.{3,10}K              	       0	       0	      10	       2	       5	       6	       1	       0	      24
..D.{3,10}L              	       0	       7	      78	       9	       2	       0	       0	       1	      97
KL.{4,11}K               	       0	       0	      32	      25	      26	       7	       7	       0	      97
YP.{4,11}F               	       0	       0	       7	      14	       2	       3	       3	       0	      29
R.......R.{0,5}          	       0	       0	      41	      19	       7	       1	       0	       0	      68
FP.{4,11}L               	       1	       1	      15	       4	       3	       2	       0	       0	      26
.AF.{3,10}Y              	       0	       0	      12	       4	       5	       0	       0	       0	      21
FP.{4,11}F               	       0	       1	      12	       8	       7	       0	       0	       0	      28
H.{5,12}L                	       4	      27	      93	      19	       6	       0	       0	       0	     149
RI.{4,11}K               	       0	       0	      26	      11	      17	      10	       0	       2	      66
.H.{5,12}                	      11	     133	    1040	     106	      23	      14	       3	       0	    1330
.{2,9}P...K              	       6	       6	      70	      51	      17	       3	       3	       1	     157
K.{3,10}L..              	       4	       1	      78	      17	      22	      10	       4	       0	     136
FP.{4,11}Y               	       0	       1	      19	      15	      12	       5	       0	       1	      53
RV.{4,11}K               	       0	       0	      21	      23	      24	       9	       5	       3	      85
KV.{4,11}K               	       0	       3	      16	      22	      11	       2	       1	       0	      55
.LY.{3,10}K              	       0	       1	      24	      11	      11	       2	       2	       1	      52
MP.{4,11}L               	       0	       1	      18	       4	       3	       1	       0	       0	      27
.{6,13}K                 	      27	      36	     399	     290	     224	      67	      29	      10	    1082
R.Y.{4,11}               	       0	       1	      40	      23	      22	       6	       2	       3	      97
..F.{3,10}K              	       1	       1	      69	      38	      35	      11	       4	       1	     160
MP.{4,11}F               	       0	       2	      11	       7	       3	       4	       1	       1	      29
MP.{4,11}Y               	       0	       0	      13	       9	       6	       2	       1	       0	      31
R.{3,10}L.Y              	       0	       0	      30	       3	       1	       0	       5	       0	      39
HH.{4,11}L               	       0	      10	      67	      15	       6	       0	       0	       0	      98
.VY.{3,10}K              	       0	       1	      16	       6	      13	       2	       1	       2	      41
HP.{4,11}Y               	       0	       0	      16	      10	       6	       1	       2	       0	      35
.IF.{3,10}K              	       0	       0	      19	       6	       7	       2	       0	       0	      34
.IY.{3,10}K              	       0	       1	       9	       8	       8	       6	       0	       0	      32
.A.{4,11}F               	       0	       1	      34	       3	       2	       2	       0	       1	      43
.P.{4,11}L               	       5	       4	      71	      13	       8	       5	       1	       1	     108
.P.{4,11}M               	       1	       1	      41	       8	       5	       2	       0	       1	      59
.H.{4,11}F               	       0	       0	      43	      11	       2	       2	       0	       0	      58
KT.{4,11}K               	       0	       2	       3	      12	      19	       6	       3	       0	      45
KI.{4,11}K               	       0	       1	      16	       7	       5	       2	       0	       0	      31
.PF.{3,10}Y              	       0	       2	      17	      13	       8	       3	       1	       1	      45
.H.{4,11}L               	       0	     110	     769	      76	      18	       4	       3	       0	     980
.H.{4,11}M               	       0	       7	      53	      10	       2	       2	       0	       0	      74
.P.{4,11}F               	       0	       5	     115	      46	      20	      11	       4	       1	     202
.Q.P.{2,9}L              	       0	       2	      20	       2	       0	       0	       0	       0	      24
.P.{4,11}Y               	       0	       9	     164	      65	      58	      18	       7	       4	     325
.PF.{3,10}F              	       0	       0	      20	       9	       1	       4	       0	       0	      34
.H.{4,11}V               	       1	       4	      93	       4	       0	       1	       0	       0	     103
.H.{4,11}I               	       1	       2	      56	       1	       1	       0	       0	       0	      61
.{4,11}L.K               	       5	       4	      72	      36	      47	      21	      10	       1	     196
.I.{4,11}Y               	       0	       1	      23	       4	       3	       1	       1	       0	      33
.V.{4,11}Y               	       1	       0	      74	      10	       3	       0	       1	       0	      89
