Statistics of foreground peptides
---------------------------------------
  k-mer      total     unique
---------------------------------------
      8         39         39
      9        555        555
     10        136        136
     11         84         84

Statistics of background peptides
---------------------------------------
k-mer  	 Total peptides
---------------------------------------
      7	       4452
      8	      36013
      9	     521754
     10	     207067
     11	     164209
     12	      44264
     13	      18683
     14	       3558


Statistics of motifs
---------------------------------------------------------------------------------------------------------------------------------------------------------
motif                    	 7mer   	 8mer   	 9mer   	 10mer  	 11mer  	 12mer  	 13mer  	 14mer  	 total  
---------------------------------------------------------------------------------------------------------------------------------------------------------
..D.{3,10}V              	       0	       3	      88	      18	      13	       0	       0	       0	     122
.{6,13}M                 	       0	       1	      23	       6	       5	       0	       0	       0	      35
..D.{3,10}F              	       0	       3	      20	       3	       1	       0	       0	       0	      27
..D.{3,10}I              	       0	       2	      30	       5	       4	       0	       0	       0	      41
.L.{4,11}I               	       0	       2	      28	       3	       3	       0	       0	       0	      36
..D.{3,10}L              	       0	      21	     125	      34	      22	       0	       0	       0	     202
...P.{2,9}V              	       0	       1	      31	      10	       6	       0	       0	       0	      48
.PD.{3,10}L              	       0	       0	       5	       4	      12	       0	       0	       0	      21
.M.{4,11}V               	       0	       0	      22	       3	       3	       0	       0	       0	      28
.L.E.{2,9}V              	       0	       0	      19	       5	       5	       0	       0	       0	      29
...P.{2,9}L              	       0	       2	      38	      13	       7	       0	       0	       0	      60
.{6,13}L                 	       0	      27	     271	      65	      39	       0	       0	       0	     402
...E.{2,9}L              	       0	       4	      60	      13	       8	       0	       0	       0	      85
.{6,13}I                 	       0	       3	      51	      14	       9	       0	       0	       0	      77
.L.D.{2,9}V              	       0	       0	      27	       6	       1	       0	       0	       0	      34
FL.{4,11}L               	       0	       0	      44	       9	       4	       0	       0	       0	      57
.AD.{3,10}L              	       0	       8	      23	       5	       3	       0	       0	       0	      39
.{6,13}V                 	       0	       5	     181	      42	      28	       0	       0	       0	     256
...E.{2,9}V              	       0	       0	      36	       9	       9	       0	       0	       0	      54
.LD.{3,10}I              	       0	       1	      15	       2	       3	       0	       0	       0	      21
...D.{2,9}L              	       0	       1	      52	      10	       5	       0	       0	       0	      68
.LD.{3,10}L              	       0	       0	      55	      14	       6	       0	       0	       0	      75
.VD.{3,10}L              	       0	       6	      15	       4	       0	       0	       0	       0	      25
..D.{4,11}               	       0	      30	     281	      68	      44	       0	       0	       0	     423
YL.{4,11}L               	       0	       0	      18	       8	       1	       0	       0	       0	      27
.LD.{3,10}V              	       0	       0	      58	      16	       8	       0	       0	       0	      82
