Statistics of foreground peptides
---------------------------------------
  k-mer      total     unique
---------------------------------------
      0          2         NA
      4          7         NA
      5          8         NA
      6          1         NA
      7          6          6
      8        137        137
      9       5367       5367
     10        510        510
     11        172        172
     12         22         22
     13         16         16
     14          2          2
     15          8         NA
     18         83         NA
     19          2         NA
     20          1         NA

Statistics of background peptides
---------------------------------------
k-mer  	 Total peptides
---------------------------------------
      7	       4452
      8	      36013
      9	     521754
     10	     207067
     11	     164209
     12	      44264
     13	      18683
     14	       3558


Statistics of motifs
---------------------------------------------------------------------------------------------------------------------------------------------------------
motif                    	 7mer   	 8mer   	 9mer   	 10mer  	 11mer  	 12mer  	 13mer  	 14mer  	 total  
---------------------------------------------------------------------------------------------------------------------------------------------------------
Y.{5,12}L                	       0	       1	      77	       3	       0	       0	       0	       0	      81
.A.{4,11}Y               	       0	       7	      82	       7	       7	       0	       1	       0	     104
.T.{4,11}Y               	       0	       2	     154	      13	       3	       0	       0	       0	     172
.{6,13}M                 	       0	       2	     255	      11	       2	       0	       2	       0	     272
.QK.{3,10}Y              	       0	      16	      43	      14	       7	       0	       0	       0	      80
.L.{4,11}Y               	       0	       1	     275	      50	      17	       4	       0	       0	     347
.QK.{3,10}F              	       0	       5	      34	       7	       8	       0	       0	       0	      54
.IK.{3,10}Y              	       0	       1	      17	       2	       2	       0	       0	       0	      22
Y.{5,12}Y                	       0	       7	     103	      17	       7	       0	       0	       0	     134
.L.{4,11}L               	       0	       1	     126	       3	       0	       0	       0	       0	     130
..I.{3,10}F              	       0	       2	     125	      15	       4	       2	       1	       0	     149
.M.{4,11}Y               	       0	       4	      76	      15	       4	       1	       0	       0	     100
.II.{3,10}Y              	       0	       0	      18	       3	       2	       0	       0	       0	      23
.{0,6}H......L           	       0	       2	      64	       0	       0	       0	       0	       0	      66
.M.{4,11}M               	       0	       0	      23	       3	       1	       0	       1	       0	      28
.M.{4,11}L               	       0	       0	      72	      10	       1	       0	       0	       0	      83
RI.{4,11}Y               	       0	       1	      18	      11	       2	       1	       0	       0	      33
..R....A.{0,5}L          	       0	       0	      28	       0	       0	       0	       0	       0	      28
.{0,6}Y......Y           	       0	       7	      31	      29	       9	       1	       0	       0	      77
.M.{4,11}F               	       0	       0	      84	      20	       3	       0	       0	       0	     107
.{6,13}L                 	       1	      16	     818	      35	       3	       0	       0	       0	     873
.Q.{4,11}L               	       0	      14	      99	      18	       2	       0	       0	       0	     133
.{5,12}AM                	       0	       0	      50	       3	       1	       0	       0	       0	      54
.M.{5,12}                	       0	       4	     376	      54	      10	       1	       1	       0	     446
.{6,13}F                 	       2	      23	    1149	     143	      39	       4	       7	       0	    1367
.Q.{4,11}F               	       1	      18	     228	      51	      22	       3	       4	       0	     327
.S.....A.{0,5}Y          	       0	       0	      28	       4	      12	       0	       0	       0	      44
.S.{4,11}Y               	       0	       8	     163	      17	      14	       0	       1	       0	     203
KV.{4,11}Y               	       0	       0	      36	       7	       4	       0	       0	       0	      47
RV.{4,11}Y               	       0	       0	      40	      12	       0	       2	       0	       0	      54
.Q.{4,11}Y               	       0	      58	     326	     128	      55	       6	       4	       0	     577
.{6,13}Y                 	       2	      95	    1594	     301	     121	      18	       7	       0	    2138
........I.{0,5}          	       0	       0	     259	      15	      10	       0	       0	       0	     284
.{6,13}W                 	       0	       0	     112	       6	       0	       0	       0	       0	     118
RQ.{4,11}F               	       0	       3	      30	       5	       5	       1	       0	       0	      44
.LK.{3,10}F              	       0	       0	      30	       4	       4	       0	       0	       0	      38
.P.{4,11}L               	       1	       0	      80	       0	       0	       0	       0	       0	      81
.IY.{3,10}Y              	       0	       0	      19	       3	       0	       0	       0	       0	      22
.LK.{3,10}Y              	       0	       0	      48	       7	       2	       2	       0	       0	      59
.I.{4,11}Y               	       0	       3	     126	      24	       6	       2	       0	       0	     161
.V.{4,11}Y               	       1	       5	     211	      34	      13	       3	       0	       0	     267
