Statistics of foreground peptides
---------------------------------------
  k-mer      total     unique
---------------------------------------
      0          6         NA
      6          3         NA
      7         16         16
      8        427        427
      9      15819      15770
     10       4900       4895
     11       1639       1639
     12        549        547
     13        364        363
     14        286        286
     15        341         NA
     16        104         NA
     17         57         NA
     18         40         NA
     19         20         NA
     20        286         NA
     21         16         NA
     22          8         NA
     23          7         NA
     24          7         NA
     25         10         NA
     26          2         NA
     29          2         NA
     30          1         NA
     31          3         NA
     32          2         NA
     34          1         NA
     35          1         NA
     44          2         NA
     45          1         NA

Statistics of background peptides
---------------------------------------
k-mer  	 Total peptides
---------------------------------------
      7	       4452
      8	      36013
      9	     521754
     10	     207067
     11	     164209
     12	      44264
     13	      18683
     14	       3558


Statistics of motifs
---------------------------------------------------------------------------------------------------------------------------------------------------------
motif                    	 7mer   	 8mer   	 9mer   	 10mer  	 11mer  	 12mer  	 13mer  	 14mer  	 total  
---------------------------------------------------------------------------------------------------------------------------------------------------------
.L.{4,11}T               	       0	      14	     214	     124	      38	      18	      18	       8	     434
.L.N...T.{0,2}V..L       	       0	       0	      88	       0	       0	       0	       0	       0	      88
.T.{4,11}Y               	       0	       0	      88	       2	       0	       0	       0	       0	      90
.L.{4,11}V               	       2	      62	    2397	     876	     340	     107	      68	      35	    3887
.T.{4,11}L               	       0	       4	     175	      74	       6	       2	       2	       5	     268
.L.{1,8}V..V             	       0	      20	     305	      94	      32	      11	       6	       2	     470
.L.{4,11}A               	       0	      21	     669	     266	     129	      53	      47	      23	    1208
.LM.{0,7}I..V            	       0	       0	      26	       7	       1	       0	       0	       0	      34
.L.{4,11}L               	       1	      72	    2922	     794	     419	     161	     102	      42	    4513
.L.{4,11}M               	       0	       8	     148	      69	      29	      12	       8	       9	     283
.LA.{0,7}I..V            	       0	       1	      40	      16	       5	       1	       1	       0	      64
.L.{4,11}I               	       0	      24	     847	     302	      89	      21	       8	       7	    1298
.L...G.{0,4}IN.V         	       0	       0	       0	      24	       0	       0	       0	       0	      24
.L.{1,8}L..A             	       0	       2	     149	      63	      24	       8	       8	       6	     260
.L.E.{2,9}A              	       0	       0	      96	      40	      38	      13	      14	       7	     208
.L.E.{2,9}L              	       0	       5	     526	     136	      97	      40	      22	      10	     836
.L.E.{2,9}I              	       0	       0	     137	      32	      25	      10	       2	       1	     207
.M.{4,11}V               	       0	       6	     315	     118	      28	       9	       9	       2	     487
.M.{4,11}I               	       0	       3	     123	      71	       8	       0	       0	       0	     205
.L.E.{2,9}V              	       0	       6	     349	     122	      80	      19	      10	      11	     597
.L.{1,8}L..V             	       0	       3	     427	     156	      65	       8	       3	       6	     668
FL.G.{2,9}A              	       0	       0	      14	       6	       2	       1	       0	       0	      23
.M.{4,11}L               	       2	       9	     306	      97	      28	       5	       2	       0	     449
.I.{1,8}I..V             	       0	       0	      58	      17	       5	       2	       0	       0	      82
YL.P.{2,9}L              	       0	       3	      31	       4	       4	       3	       1	       1	      47
FL.E.{2,9}A              	       0	       0	      14	       9	       3	       6	       2	       2	      36
.{0,4}S..N..A..Y         	       0	       0	       0	       8	      16	       0	       0	       0	      24
.M.{1,8}I..V             	       0	       2	      39	      12	       2	       0	       3	       1	      59
FV.{4,11}V               	       0	       0	      43	      15	       4	       0	       1	       0	      63
.L.{1,8}I..A             	       0	       1	      84	      39	       7	       4	       2	       1	     138
.L.D.{2,9}T              	       0	       4	      30	      17	       7	       4	       5	       2	      69
.L.D.{2,9}V              	       0	       5	     258	     115	      61	      35	      22	       8	     504
.{6,13}Y                 	       0	      12	     586	      28	      29	       1	       1	       3	     660
FL.{4,11}L               	       0	      11	     277	      99	      59	      22	      13	       4	     485
.L.D.{2,9}I              	       0	       1	     120	      43	      17	       3	       2	       1	     187
.L.D.{2,9}L              	       1	       4	     389	     120	      96	      55	      30	      13	     708
FL.{4,11}I               	       0	       2	      82	      32	      13	       3	       2	       2	     136
.L.D.{2,9}A              	       0	       2	      86	      28	      25	      18	      10	       2	     171
.Q.{4,11}V               	       0	       1	     120	      53	      13	       3	       1	       1	     192
.L.{1,8}I..V             	       0	       6	     335	     113	      42	       8	       8	       2	     514
FL.{4,11}M               	       0	       2	      17	       9	       7	       0	       2	       1	      38
FL.{4,11}T               	       0	       3	      35	      16	      10	       5	       3	       0	      72
.I.{4,11}L               	       0	       8	     384	     165	      16	       5	       5	       4	     587
.V.{4,11}L               	       0	      11	     269	     100	      19	       8	       7	       5	     419
.I.{4,11}I               	       0	       3	     184	     122	       7	       0	       2	       1	     319
.V.{4,11}I               	       0	       5	     141	      66	       7	       0	       1	       1	     221
.V.{4,11}V               	       0	      11	     344	     138	      37	      13	       7	       2	     552
.I.{4,11}V               	       0	       5	     432	     163	      30	      13	       7	       4	     654
.{0,6}T......V           	       0	       6	     192	      65	      14	       3	       5	       2	     287
.L.D.{2,9}M              	       0	       4	      21	       9	       6	       6	       2	       1	      49
