Statistics of foreground peptides
---------------------------------------
  k-mer      total     unique
---------------------------------------
      8        365        365
      9       2835       2835
     10        189        189
     11         23         23
     14          1          1
     15          5         NA

Statistics of background peptides
---------------------------------------
k-mer  	 Total peptides
---------------------------------------
      7	       4452
      8	      36013
      9	     521754
     10	     207067
     11	     164209
     12	      44264
     13	      18683
     14	       3558


Statistics of motifs
---------------------------------------------------------------------------------------------------------------------------------------------------------
motif                    	 7mer   	 8mer   	 9mer   	 10mer  	 11mer  	 12mer  	 13mer  	 14mer  	 total  
---------------------------------------------------------------------------------------------------------------------------------------------------------
....K.{1,8}M             	       0	       7	      32	       0	       0	       0	       0	       0	      39
.L.{4,11}V               	       0	       2	      51	       2	       2	       0	       0	       0	      57
....K.{1,8}I             	       0	       5	      48	       0	       0	       0	       0	       0	      53
........IR....           	       0	       0	      64	       7	       0	       0	       0	       0	      71
..D.{3,10}Y              	       0	       0	      36	       1	       0	       0	       0	       0	      37
..R.{3,10}L              	       0	      36	     151	      22	       1	       0	       0	       0	     210
....R.{0,7}AL            	       0	      17	      85	       2	       0	       0	       0	       0	     104
..K.R.{1,8}L             	       0	      37	      99	       0	       0	       0	       0	       0	     136
....R.{1,8}V             	       0	       6	      52	       0	       1	       0	       0	       0	      59
....R.{1,8}M             	       0	       4	      28	       3	       0	       0	       0	       0	      35
....R.{1,8}L             	       0	      90	     353	       9	       0	       0	       0	       0	     452
..K.K.{1,8}F             	       0	       9	      13	       0	       0	       0	       0	       0	      22
..M.{3,10}L              	       0	       6	      44	      14	       0	       0	       0	       0	      64
.M.{4,11}L               	       0	       3	      52	      25	       0	       0	       0	       0	      80
..K.K.{1,8}L             	       0	      80	     112	       4	       2	       0	       0	       0	     198
.{6,13}F                 	       0	      17	     359	       0	       2	       0	       0	       0	     378
.{6,13}L                 	       0	     302	    1068	     164	       7	       0	       0	       0	    1541
.{6,13}M                 	       0	      14	     144	      10	       0	       0	       0	       0	     168
.{6,13}I                 	       0	      10	     238	       4	       1	       0	       0	       0	     253
..K.K.{1,8}V             	       0	       5	      14	       1	       0	       0	       0	       0	      20
.P..K.{1,8}L             	       0	      38	      45	       2	       2	       0	       0	       0	      87
....R.{0,7}SL            	       0	       8	      94	       3	       0	       0	       0	       0	     105
..R.K.{1,8}L             	       0	      28	      50	       2	       1	       0	       0	       0	      81
.{6,13}Y                 	       0	       0	     228	       2	       4	       0	       0	       0	     234
.{2,9}K...L              	       0	      49	     285	      33	       3	       0	       0	       0	     370
..K.{2,9}SL              	       0	      19	      67	       2	       0	       0	       0	       0	      88
.L..K.{0,7}SL            	       0	       8	      27	       4	       0	       0	       0	       0	      39
..K.{3,10}L              	       0	     138	     301	      14	       3	       0	       0	       0	     456
..K.{3,10}M              	       0	       8	      33	       0	       0	       0	       0	       0	      41
..K.R.{1,8}F             	       0	       3	      26	       0	       0	       0	       0	       0	      29
