Statistics of foreground peptides
---------------------------------------
  k-mer      total     unique
---------------------------------------
      0          1         NA
      8        274        268
      9       5952       5808
     10       2236       2042
     11       1137        983
     12        974        803
     13        659        541
     14        286        252
     15        133         NA
     16          1         NA
     23          1         NA

Statistics of background peptides
---------------------------------------
k-mer  	 Total peptides
---------------------------------------
      7	       4452
      8	      36013
      9	     521754
     10	     207067
     11	     164209
     12	      44264
     13	      18683
     14	       3558


Statistics of motifs
---------------------------------------------------------------------------------------------------------------------------------------------------------
motif                    	 7mer   	 8mer   	 9mer   	 10mer  	 11mer  	 12mer  	 13mer  	 14mer  	 total  
---------------------------------------------------------------------------------------------------------------------------------------------------------
.Y......L.{0,5}          	       0	       0	      61	      11	       0	       0	       0	       0	      72
.SD.{4,11}               	       0	      27	     319	     183	     109	      93	      50	      27	     808
.T.{4,11}Y               	       0	      32	     741	     416	     260	     223	     197	      72	    1941
..D.{3,10}Y              	       0	      56	     989	     695	     356	     324	     173	      72	    2665
YSE.{3,10}Y              	       0	       0	       9	      13	      12	       8	       6	       1	      49
.SD.{3,10}Y              	       0	       9	     206	     144	      90	      83	      47	      23	     602
FTD.{4,11}               	       0	       5	      30	      19	      14	      10	       4	       0	      82
.SD.{3,10}F              	       0	       1	      14	       8	       3	       0	       1	       0	      27
.MD.{3,10}Y              	       0	       4	      43	      33	      13	       7	       2	       3	     105
.LE.{3,10}Y              	       0	       2	      57	      38	      39	      34	      27	      14	     211
.VE.{3,10}Y              	       0	       0	      40	      15	      18	      22	       9	       5	     109
.T.{4,11}F               	       0	       6	      67	      22	       3	       4	       3	       0	     105
.TE.{3,10}Y              	       0	       3	     173	      97	     105	      81	      73	      28	     560
........L.{0,5}          	       0	       0	     706	     305	     123	      62	      48	      15	    1259
.VD.{3,10}Y              	       0	       4	     118	      74	      25	      38	      15	       7	     281
YLE.{3,10}Y              	       0	       1	      11	       5	       7	       8	       3	       2	      37
.IE.{3,10}Y              	       0	       0	      35	      12	      16	      13	       2	       6	      84
.IE.{2,9}LY              	       0	       0	       5	       5	       4	       3	       1	       3	      21
.AD.{3,10}Y              	       0	       0	      53	      29	      13	      10	       5	       0	     110
.{6,13}F                 	       0	      20	     459	      95	      21	       6	       7	       1	     609
.ID.{3,10}Y              	       0	       3	      85	      46	      26	      18	      12	       4	     194
........L.{0,3}A.        	       0	       0	      93	       0	       5	       1	       0	       0	      99
.S.{4,11}Y               	       0	      15	     742	     395	     237	     226	     183	      99	    1897
YLD.{4,11}               	       0	       5	      22	      20	       9	       7	       2	       2	      67
.TD.{4,11}               	       0	      42	     331	     224	     141	      95	      75	      27	     935
.Y.{4,11}F               	       0	       0	      60	      14	       0	       0	       0	       0	      74
.{6,13}Y                 	       0	     136	    3138	    1640	     835	     749	     515	     243	    7256
..D.{3,10}F              	       0	       9	      74	      33	      13	       3	       5	       0	     137
YSD.{4,11}               	       0	       5	      29	      19	      13	       9	      10	       6	      91
T.{0,6}D.....Y           	       0	      13	      68	      16	       5	      11	       2	       2	     117
.SE.{3,10}Y              	       0	       2	     151	      97	      80	      78	      74	      48	     530
YS.{4,11}Y               	       0	       1	      52	      43	      37	      36	      25	      10	     204
.LD.{3,10}Y              	       0	      10	     191	     167	      73	      75	      18	       8	     542
.ME.{3,10}Y              	       0	       0	      27	      17	       9	       3	       5	       2	      63
.TE.{4,11}               	       0	      20	     217	     119	     120	      87	      76	      29	     668
.TD.{3,10}Y              	       0	      22	     168	     166	     107	      86	      70	      26	     645
.VD.{4,11}               	       0	      19	     152	      84	      33	      40	      18	       8	     354
YTD.{4,11}               	       0	       8	      30	      19	      14	       8	       8	       2	      89
