Statistics of foreground peptides
---------------------------------------
  k-mer      total     unique
---------------------------------------
      7         45         45
      8        195        195
      9       2127       2127
     10        600        600
     11        368        368
     12        140        140
     13        110        110
     14        110        110
     15         99         NA
     16         60         NA
     17         15         NA
     18          1         NA

Statistics of background peptides
---------------------------------------
k-mer  	 Total peptides
---------------------------------------
      7	       4452
      8	      36013
      9	     521754
     10	     207067
     11	     164209
     12	      44264
     13	      18683
     14	       3558


Statistics of motifs
---------------------------------------------------------------------------------------------------------------------------------------------------------
motif                    	 7mer   	 8mer   	 9mer   	 10mer  	 11mer  	 12mer  	 13mer  	 14mer  	 total  
---------------------------------------------------------------------------------------------------------------------------------------------------------
Y.{5,12}L                	       0	      13	      73	      14	       4	       2	       2	       0	     108
..Y.{3,10}K              	       0	       2	      58	      45	      59	      19	       9	       4	     196
RL.{4,11}K               	       0	       0	      35	      34	      32	       8	       3	       1	     113
.{0,6}A......L           	       0	       6	      66	      22	       1	       1	       1	       1	      98
K.Y.{4,11}               	       0	       1	      26	      19	      15	       7	       4	       0	      72
AV.{4,11}K               	       0	       0	       4	      15	      12	       4	       2	       0	      37
.H.{4,11}L               	       0	      91	     821	     106	      28	       5	       3	       0	    1054
.FD.{4,11}               	       0	       9	      76	       8	       3	       0	       0	       0	      96
RT.{4,11}K               	       0	       0	      12	      15	      11	       2	       1	       2	      43
RV.{5,12}                	       0	       0	      37	      35	      34	      18	      13	       6	     143
.V.{4,11}K               	       1	       1	      59	      84	      66	      29	      18	       6	     264
..Y.{3,10}Y              	       0	       1	      25	       3	       3	       1	       1	       0	      34
.T.{4,11}K               	       2	       2	      46	      55	      39	       9	       5	       3	     161
.HI.{3,10}L              	       0	      14	      88	      22	       6	       0	       0	       0	     130
FA.{4,11}L               	       0	       0	      16	       1	       3	       0	       0	       0	      20
RL.{4,11}R               	       0	       0	      19	       8	       5	       0	       0	       0	      32
.L.{1,8}F..K             	       1	       0	      22	      14	       7	       3	       2	       0	      49
.L.{4,11}K               	       2	       0	     145	     113	      90	      27	      16	       4	     397
KL.{4,11}K               	       0	       0	      28	      30	      29	      10	       6	       0	     103
GT.{4,11}K               	       0	       0	      10	       7	       5	       1	       0	       0	      23
.H.{4,11}I               	       0	       4	      62	       1	       1	       0	       0	       0	      68
R.Y.{3,10}R              	       0	       0	      10	       4	       5	       2	       0	       0	      21
RI.{4,11}K               	       0	       0	      25	      17	      21	       8	       1	       1	      73
.M.{4,11}K               	       0	       0	       7	      12	       6	       1	       0	       0	      26
.{4,11}P.L               	       0	      11	     134	       8	       0	       0	       0	       0	     153
...P.{2,9}L              	       0	      15	     172	      34	       7	       1	       0	       0	     229
RV.{4,11}K               	       0	       0	      16	      25	      25	      16	      12	       4	      98
KV.{4,11}K               	       0	       1	       5	      17	      11	       4	       2	       0	      40
.LY.{3,10}K              	       0	       0	      26	      13	      12	       4	       3	       2	      60
.{6,13}K                 	      24	      22	     356	     339	     263	      87	      50	      20	    1161
.HY.{3,10}L              	       0	       4	      66	      12	       4	       0	       3	       0	      89
.Y.{0,5}D......          	       0	       0	      38	       0	       0	       0	       0	       0	      38
.H.P.{2,9}L              	       0	       9	     100	      25	       5	       0	       0	       0	     139
......L.{0,6}Y           	       0	       0	      64	       2	       1	       0	       1	       0	      68
R.{3,10}L.Y              	       0	       0	      19	       1	       1	       0	       4	       0	      25
.H.P.{2,9}V              	       0	       0	      23	       1	       0	       0	       1	       0	      25
.FD.{3,10}L              	       0	       8	      27	       4	       1	       0	       0	       0	      40
.VY.{3,10}K              	       0	       0	      10	      13	      16	       6	       3	       2	      50
K.{3,10}L.Y              	       0	       0	      21	       3	       1	       0	       0	       0	      25
......L.{0,6}H           	       0	       1	      22	       0	       0	       0	       0	       0	      23
.FD.{3,10}F              	       0	       1	      27	       3	       1	       0	       0	       0	      32
.IF.{3,10}K              	       0	       0	      15	       8	       4	       2	       1	       0	      30
.IY.{3,10}K              	       0	       1	       8	      10	      14	       5	       0	       0	      38
.H.{4,11}F               	       0	       2	      62	      13	       5	       3	       0	       0	      85
KT.{4,11}K               	       0	       1	       7	       9	      18	       3	       3	       0	      41
KI.{4,11}K               	       0	       1	       9	       7	       6	       4	       0	       0	      27
.LF.{3,10}K              	       0	       0	      29	      22	      18	       8	       3	       0	      80
.H.{4,11}M               	       1	       2	      50	      10	       2	       1	       0	       0	      66
.I.{4,11}K               	       0	       1	      67	      48	      44	      14	       2	       2	     178
.Q.P.{2,9}L              	       0	       2	      19	       3	       0	       0	       0	       0	      24
F.{5,12}L                	       0	      15	     105	      10	       6	       1	       0	       0	     137
.H.{4,11}V               	       0	       4	     101	       5	       1	       0	       1	       0	     112
.HF.{3,10}L              	       0	      12	      88	       9	       5	       0	       0	       0	     114
.H.{5,12}                	       4	     108	    1130	     137	      38	      13	       4	       2	    1436
