Statistics of foreground peptides
---------------------------------------
  k-mer      total     unique
---------------------------------------
      7         17         17
      8        139        139
      9       1571       1571
     10        440        440
     11        288        288
     12        126        126
     13        101        101
     14         97         97
     15         77         NA
     16         46         NA
     17         11         NA
     18          2         NA
     19          1         NA

Statistics of background peptides
---------------------------------------
k-mer  	 Total peptides
---------------------------------------
      7	       4452
      8	      36013
      9	     521754
     10	     207067
     11	     164209
     12	      44264
     13	      18683
     14	       3558


Statistics of motifs
---------------------------------------------------------------------------------------------------------------------------------------------------------
motif                    	 7mer   	 8mer   	 9mer   	 10mer  	 11mer  	 12mer  	 13mer  	 14mer  	 total  
---------------------------------------------------------------------------------------------------------------------------------------------------------
.H......V.{0,5}          	       0	       0	      78	      11	       2	       2	       0	       0	      93
Y.{5,12}L                	       0	      10	      53	      11	       4	       2	       1	       0	      81
RL.{4,11}K               	       0	       0	      27	      24	      25	       6	       3	       3	      88
K.Y.{4,11}               	       0	       1	      24	      13	      13	       7	       3	       0	      61
AV.{4,11}K               	       0	       0	       3	      10	      15	       4	       1	       0	      33
.LF.{3,10}K              	       0	       0	      22	      16	      13	       7	       3	       0	      61
RT.{4,11}K               	       0	       0	      10	      10	       8	       2	       1	       2	      33
.{4,11}L.Y               	       0	       1	      55	       3	       1	       0	       4	       1	      65
.HI.{3,10}L              	       0	      13	      66	      17	       4	       0	       0	       1	     101
KL.{4,11}K               	       0	       0	      29	      19	      27	      10	       6	       0	      91
R.......R.{0,5}          	       0	       0	      29	      12	       2	       3	       1	       1	      48
RI.{4,11}K               	       0	       0	      20	      10	      18	       3	       1	       1	      53
.{1,8}P....L             	       0	       2	     123	      22	       3	       1	       0	       0	     151
.{0,6}H......L           	       0	      22	     641	       3	       0	       1	       1	       1	     669
RV.{4,11}K               	       0	       0	      10	      24	      22	      12	       9	       4	      81
KV.{4,11}K               	       0	       1	       5	      15	       8	       3	       2	       1	      35
.LY.{3,10}K              	       0	       0	      23	      11	      10	       2	       3	       4	      53
.{6,13}K                 	      12	       8	     287	     249	     209	      71	      41	      19	     896
.HY.{3,10}L              	       0	       3	      54	      10	       4	       0	       3	       0	      74
.H.{3,10}VL              	       0	      10	      86	       8	       3	       2	       1	       0	     110
.H.P.{2,9}L              	       0	       6	      83	      18	       2	       0	       0	       0	     109
R.Y.{4,11}               	       0	       0	      29	      26	      17	       7	       1	       6	      86
.YD.{4,11}               	       0	       2	      26	       0	       0	       0	       0	       0	      28
R.{3,10}L.Y              	       0	       0	      20	       0	       0	       0	       4	       0	      24
.H..P.{1,8}L             	       0	       7	      61	      15	       4	       0	       1	       0	      88
.FD.{3,10}L              	       0	       5	      18	       1	       0	       0	       0	       0	      24
.VY.{3,10}K              	       0	       0	       8	       6	      14	       4	       0	       2	      34
K.{3,10}L.Y              	       0	       0	      19	       3	       1	       0	       0	       0	      23
.FD.{3,10}F              	       0	       1	      17	       3	       1	       0	       0	       0	      22
.IF.{3,10}K              	       0	       0	      14	       5	       5	       2	       1	       0	      27
.IY.{3,10}K              	       0	       1	       7	      11	      10	       3	       0	       0	      32
.H.{4,11}F               	       0	       1	      42	      12	       1	       2	       0	       0	      58
KT.{4,11}K               	       0	       0	       6	       7	      16	       3	       3	       0	      35
.H.{4,11}I               	       0	       4	      43	       1	       1	       0	       0	       0	      49
.H.{4,11}L               	       0	      69	     641	      78	      19	       4	       3	       1	     815
.H.{4,11}M               	       0	       1	      40	       9	       1	       0	       0	       0	      51
F.{5,12}L                	       0	      13	      74	       6	       4	       2	       1	       0	     100
.HF.{3,10}L              	       0	      10	      76	       9	       3	       0	       0	       0	      98
.{4,11}L.K               	       3	       1	      71	      43	      42	      23	      13	       2	     198
