Statistics of foreground peptides
---------------------------------------
  k-mer      total     unique
---------------------------------------
      7         19         19
      8        266        266
      9        379        379
     10        202        202
     11         93         93
     12         29         29
     13         11         11
     14          1          1

Statistics of background peptides
---------------------------------------
k-mer  	 Total peptides
---------------------------------------
      7	       4452
      8	      36013
      9	     521754
     10	     207067
     11	     164209
     12	      44264
     13	      18683
     14	       3558


Statistics of motifs
---------------------------------------------------------------------------------------------------------------------------------------------------------
motif                    	 7mer   	 8mer   	 9mer   	 10mer  	 11mer  	 12mer  	 13mer  	 14mer  	 total  
---------------------------------------------------------------------------------------------------------------------------------------------------------
..R.{2,9}F.              	       1	      17	      22	      12	       7	       2	       0	       0	      61
.QE.{0,7}W...            	       1	      12	      14	       9	       4	       1	       1	       0	      42
.{5,12}E.                	       1	      27	      40	      24	      14	       3	       0	       0	     109
K..K.{3,10}              	       1	      15	      19	      10	       4	       1	       1	       0	      51
LD.{2,9}L..              	       1	      13	      19	      10	       3	       1	       1	       0	      48
.IA.{2,9}H.              	       1	      10	      17	      10	       4	       0	       1	       0	      43
.T.{4,11}Q               	       1	      10	      18	       6	       4	       1	       1	       0	      41
WY.{4,11}V               	       1	      14	      18	      10	       3	       1	       1	       0	      48
N.{4,11}A.               	       2	      12	      14	      10	       4	       1	       1	       0	      44
.P..P.{2,9}              	       1	      16	      21	      12	       5	       1	       2	       0	      58
.{6,13}Y                 	       2	      21	      33	      18	       7	       3	       0	       0	      84
.{3,10}Y...              	       2	      24	      31	      17	       7	       2	       0	       1	      84
.SD.{3,10}L              	       1	      12	      16	       8	       3	       1	       1	       0	      42
.T.{1,8}D..I             	       1	      12	      13	       6	       3	       1	       0	       0	      36
.AM.{4,11}               	       1	      17	      23	      12	       6	       2	       0	       0	      61
