Statistics of foreground peptides
---------------------------------------
  k-mer      total     unique
---------------------------------------
      7         19         19
      8        266        266
      9        379        379
     10        202        202
     11         93         93
     12         29         29
     13         11         11
     14          1          1

Statistics of background peptides
---------------------------------------
k-mer  	 Total peptides
---------------------------------------
      7	       4452
      8	      36013
      9	     521754
     10	     207067
     11	     164209
     12	      44264
     13	      18683
     14	       3558


Statistics of motifs
---------------------------------------------------------------------------------------------------------------------------------------------------------
motif                    	 7mer   	 8mer   	 9mer   	 10mer  	 11mer  	 12mer  	 13mer  	 14mer  	 total  
---------------------------------------------------------------------------------------------------------------------------------------------------------
..MV.{3,10}              	       1	      13	      15	       9	       5	       1	       0	       0	      44
..R.{2,9}F.              	       1	      10	      15	       8	       3	       1	       1	       0	      39
.QE.{0,7}W...            	       1	      11	      13	       7	       3	       1	       1	       0	      37
.{5,12}E.                	       1	      22	      34	      19	      10	       2	       0	       0	      88
T.{5,12}Q                	       2	      13	      15	       6	       2	       1	       0	       0	      39
..M.{3,10}W              	       0	      12	      15	       7	       4	       1	       1	       0	      40
LD.{2,9}L..              	       1	      12	      15	       8	       2	       1	       0	       0	      39
.IA.{2,9}H.              	       1	      10	      11	       8	       2	       0	       0	       0	      32
.G.{1,8}P...             	       0	       7	      12	       9	       3	       1	       0	       0	      32
WY.{4,11}V               	       1	      12	      15	       8	       3	       1	       1	       0	      41
N.{4,11}A.               	       1	      11	      14	       7	       2	       1	       1	       0	      37
.C...G.{1,8}             	       1	      10	      14	       8	       3	       1	       1	       0	      38
.P..P.{2,9}              	       2	      19	      18	      11	       4	       1	       2	       0	      57
.{6,13}Y                 	       2	      15	      21	      13	       5	       2	       0	       0	      58
.{3,10}Y...              	       2	      17	      22	      12	       4	       1	       0	       1	      59
K..K.{3,10}              	       1	      12	      17	       8	       3	       1	       1	       0	      43
.SD.{3,10}L              	       1	      11	      14	       7	       2	       1	       0	       0	      36
C..P..G.{0,7}            	       1	       5	       8	       5	       1	       1	       0	       0	      21
.T.{1,8}D..I             	       1	       8	      11	       7	       2	       1	       1	       0	      31
.AM.{4,11}               	       1	      13	      18	       8	       3	       1	       1	       0	      45
